4294967294,0
4294967278,130
4294967278,127
4294967278,124
4294967278,121
4294967278,118
4294967278,115
4294967278,112
4294967278,109
4294967278,106
4294967278,103
4294967278,102
4294967278,101
4294967278,100
4294967278,99
4294967278,98
4294967278,97
4294967278,96
4294967278,95
4294967278,94
4294967278,93
4294967278,92
4294967278,91
4294967294,29
4294967294,25
4294967278,369
4294967279,409
4294967294,394
4294967294,24
4294967294,107
4294967294,1028
4294967294,413
4294967294,1422
4294967294,96
4294967294,94
4294967278,195
4294967278,321
4294967279,445
4294967294,17
4294967294,42
4294967294,67
4294967294,8
4294967294,9
4294967294,92
4294967294,91
4294967294,90
4294967294,88
4294967294,87
4294967294,86
4294967294,85
4294967294,84
4294967294,1249
4294967294,83
4294967294,187
4294967294,1027
4294967294,1053
4294967294,26
4294967294,53
4294967294,1408
4294967294,51
4294967294,52
4294967294,43
4294967294,155
4294967294,743
4294967294,1173
4294967294,82
4294967278,319
4294967278,416
4294967294,7
4294967294,6
4294967294,93
4294967294,95
4294967279,429
4294967293,131
4294967293,130
4294967293,129
4294967293,128
4294967293,127
4294967293,126
4294967293,125
4294967293,124
4294967293,123
4294967293,122
4294967293,121
4294967293,120
4294967293,119
4294967293,118
4294967293,117
4294967293,116
4294967293,115
4294967293,114
4294967293,113
4294967293,112
4294967293,111
4294967293,110
4294967293,109
4294967293,108
4294967293,107
4294967293,106
4294967293,105
4294967293,104
4294967293,103
4294967293,102
4294967293,101
4294967293,100
4294967293,99
4294967293,98
4294967293,97
4294967293,96
4294967293,95
4294967293,94
4294967293,93
4294967293,92
4294967293,91
4294967293,90
4294967293,89
4294967293,87
4294967293,86
4294967293,85
4294967293,84
4294967293,83
4294967293,82
4294967293,81
4294967293,80
4294967293,79
4294967293,78
4294967293,77
4294967293,76
4294967293,75
4294967293,74
4294967293,73
4294967293,72
4294967293,71
4294967293,70
4294967293,69
4294967293,68
4294967293,67
4294967293,66
4294967293,65
4294967293,64
4294967293,63
4294967293,62
4294967293,61
4294967293,60
4294967293,59
4294967293,58
4294967293,57
4294967293,56
4294967293,55
4294967293,54
4294967293,53
4294967293,52
4294967293,51
4294967293,50
4294967293,49
4294967293,48
4294967293,47
4294967293,46
4294967293,45
4294967293,44
4294967293,43
4294967293,42
4294967293,41
4294967293,40
4294967293,39
4294967293,38
4294967293,37
4294967293,36
4294967293,35
4294967293,34
4294967293,33
4294967293,32
4294967293,31
4294967293,30
4294967293,29
4294967293,28
4294967293,27
4294967293,26
4294967293,25
4294967293,24
4294967293,23
4294967293,22
4294967293,21
4294967293,20
4294967293,19
4294967293,18
4294967293,17
4294967293,16
4294967293,15
4294967293,14
4294967293,13
4294967293,12
4294967293,11
4294967293,10
4294967293,9
4294967293,8
4294967293,7
4294967293,6
4294967293,5
4294967293,4
4294967293,3
4294967279,104
4294967279,103
4294967279,102
4294967279,101
4294967279,100
4294967279,99
4294967279,98
4294967279,97
4294967279,96
4294967279,95
4294967279,94
4294967279,93
4294967279,92
4294967279,91
4294967279,384
4294967279,90
4294967279,89
4294967279,87
4294967279,86
4294967278,414
4294967278,415
4294967279,497
4294967279,496
4294967278,413
4294967279,314
4294967278,412
4294967278,187
4294967278,345
4294967279,469
4294967278,410
4294967279,495
4294967278,368
4294967278,409
4294967279,474
4294967278,408
4294967278,181
4294967278,313
4294967279,439
4294967278,447
4294967278,512
4294967279,438
4294967278,367
4294967278,527
4294967279,481
4294967294,192
4294967279,465
4294967278,175
4294967278,446
4294967278,405
4294967278,526
4294967278,170
4294967278,168
4294967294,1076
4294967294,162
4294967294,1160
4294967294,1065
4294967279,164
4294967278,162
4294967278,525
4294967278,159
4294967279,160
4294967278,156
111,5
111,4
4294967278,157
111,2
111,1
4294967279,158
4294967278,153
108,5
4294967294,1812
4294967279,487
4294967279,151
103,5
4294967278,147
4294967279,148
98,5
4294967278,145
110,4
110,3
110,2
110,1
4294967279,486
4294967278,144
4294967278,143
109,4
109,3
109,2
109,1
4294967278,141
4294967278,140
108,4
108,3
108,2
108,1
4294967278,138
4294967279,279
4294967278,276
4294967279,137
107,4
4294967279,136
107,3
107,2
107,1
4294967278,135
4294967279,135
4294967278,134
4294967279,133
106,4
4294967279,292
106,3
106,2
106,1
4294967279,397
4294967278,271
4294967279,274
105,4
4294967279,273
105,3
105,2
105,1
4294967279,289
4294967279,272
4294967279,271
104,4
4294967279,270
104,3
104,2
104,1
4294967279,269
4294967278,265
103,4
4294967279,267
103,3
103,2
103,1
4294967279,266
4294967294,1084
4294967294,173
4294967294,1069
4294967294,163
4294967294,1074
4294967294,185
4294967294,182
4294967279,265
4294967279,264
4294967279,263
4294967279,262
101,4
4294967279,284
101,3
101,2
101,1
4294967279,275
4294967279,259
4294967279,258
100,4
4294967279,460
100,3
100,2
100,1
4294967278,360
4294967278,335
99,4
99,3
99,2
99,1
98,4
98,3
98,2
98,1
4294967278,359
4294967279,412
4294967278,254
4294967279,254
4294967278,253
97,4
4294967279,253
97,3
97,2
97,1
4294967279,249
96,4
4294967279,248
96,3
96,2
96,1
4294967279,247
4294967278,246
4294967279,246
4294967294,166
4294967294,165
4294967279,243
4294967279,494
4294967278,371
4294967278,241
4294967279,390
4294967279,241
4294967278,524
4294967278,331
4294967279,452
4294967279,235
4294967278,233
4294967279,451
4294967279,231
4294967278,227
4294967279,225
4294967294,1823
4294967294,395
4294967294,183
4294967294,415
4294967294,112
4294967294,1814
4294967279,484
4294967279,493
4294967278,221
4294967278,219
4294967279,483
4294967278,217
4294967278,329
4294967278,423
4294967279,463
4294967279,492
4294967294,1822
4294967278,256
4294967278,255
4294967278,426
4294967278,425
4294967278,174
4294967278,235
4294967278,231
4294967278,522
4294967278,61
4294967278,60
4294967278,521
4294967278,58
